{
  "name": "my_theta",
  "description": "A description of the parameter set",
  "parameter": {
    "S": {
      "partition_id": "identical_population",
      "group": {
        "all": {
          "min":  0.55,
          "guess":  0.935463,
          "max":  1.14,
          "sd_transf": 0.02,
          "prior": "normal",
          "transformation": "logit"
        }
      }
    },
    "E": {
      "partition_id": "identical_population",
      "group": {
        "all": {
          "transformation": "logit",
          "min":  1e-7,
          "guess": 0.0000572927,
          "max": 0.01,
          "sd_transf": 0.02,
          "prior": "uniform"
        }
      }
    },
    "I": {
      "partition_id": "identical_population",
      "group": {
        "all": {
          "transformation": "logit",
          "min": 1e-7,
          "guess": 0.0000685705,
          "max": 0.01,
          "sd_transf": 0.02,
          "prior": "uniform"
        }
      }
    },
    "beta": {
      "unit": "D",
      "partition_id": "identical_population",
      "group": {
        "all": {
          "transformation": "log",
          "min": 0,
          "guess": 1.11335,
          "max": 40,
          "sd_transf": 0.02,
          "prior": "uniform"
        }
      }
    },
    "v": {
      "unit": "D",
      "type": "rate_as_duration",
      "partition_id": "identical_population",
      "group": {
        "all": {
          "transformation": "log",
          "min": 0.93,
          "guess": 1.13925,
          "max": 1.23,
          "sd_transf": 0.2,
          "prior": "normal"
        }
      }
    },
    "k": {
      "unit": "D",
      "type": "rate_as_duration",
      "partition_id": "identical_population",
      "group": {
        "all": {
          "transformation": "log",
          "min": 1.55,
          "guess": 1.60909,
          "max": 1.63,
          "sd_transf": 0.2,
          "prior": "normal"
        }
      }
    },
    "vol": {
      "partition_id": "identical_population",
      "unit": "W",
      "group": {
        "all": {
          "transformation": "log",
          "min": 0,
          "guess": 0.349355,
          "max": 5,
          "sd_transf": 0.02,
          "prior": "uniform"
        }
      }
    },
    "rep": {
      "partition_id": "identical_time_series",
      "group": {
        "all": {
          "transformation": "logit",
          "min": 0.1,
          "guess": 0.1,
          "max": 0.1,
          "sd_transf": 0,
          "prior": "uniform"
        }
      }
    },
    "phi": {
      "partition_id": "identical_time_series",
      "group": {
        "all": {
          "transformation": "log",
          "min": 0.1,
          "guess": 0.1,
          "max": 0.1,
          "sd_transf": 0,
          "prior": "uniform"
        }
      }
    }
  },
  "type": "theta",
  "partition": {
    "variable_population": {
      "group": [
        {
          "id": "London__all",
          "population_id": [
            "London__all"
          ]
        }
      ]
    },
    "variable_time_series": {
      "group": [
        {
          "id": "London__HPA__inc",
          "time_series_id": [
            "London__HPA__inc"
          ]
        }
      ]
    },
    "identical_population": {
      "group": [
        {
          "id": "all",
          "population_id": [
            "London__all"
          ]
        }
      ]
    },
    "identical_time_series": {
      "group": [
        {
          "id": "all",
          "time_series_id": [
            "London__HPA__inc"
          ]
        }
      ]
    }
  },
  "covariance": [
    [
      "S:all",
      "E:all",
      "I:all",
      "beta:all",
      "v:all",
      "k:all",
      "vol:all",
      "rep:all",
      "phi:all"
    ],
    [
      1.09646,
      0.019441,
      0.0646716,
      -0.185698,
      0.00641982,
      0.000737266,
      0.0191662,
      0,
      0
    ],
    [
      0.019441,
      1.41979,
      -0.0110171,
      -0.0896146,
      -0.0000502803,
      0.00106218,
      -0.00348403,
      0,
      0
    ],
    [
      0.0646716,
      -0.0110171,
      1.22569,
      -0.115794,
      -0.00163419,
      -0.000110597,
      0.0239719,
      0,
      0
    ],
    [
      -0.185698,
      -0.0896146,
      -0.115794,
      0.100089,
      -0.00475168,
      -0.000146505,
      -0.0107866,
      0,
      0
    ],
    [
      0.00641982,
      -0.0000502803,
      -0.00163419,
      -0.00475168,
      0.00449298,
      -0.0000585346,
      0.0016475,
      0,
      0
    ],
    [
      0.000737266,
      0.00106218,
      -0.000110597,
      -0.000146505,
      -0.0000585346,
      0.000154333,
      0.0000459322,
      0,
      0
    ],
    [
      0.0191662,
      -0.00348403,
      0.0239719,
      -0.0107866,
      0.0016475,
      0.0000459322,
      0.0562564,
      0,
      0
    ],
    [
      0,
      0,
      0,
      0,
      0,
      0,
      0,
      0,
      0
    ],
    [
      0,
      0,
      0,
      0,
      0,
      0,
      0,
      0,
      0
    ]
  ]
}
